33,4
33,9
33,359
33,358
33,357
33,356
33,355
33,354
33,353
33,352
33,351
33,350
33,349
33,348
33,347
33,346
33,345
33,344
33,343
33,342
33,341
33,340
33,339
33,338
33,337
33,336
33,335
33,334
33,333
33,332
33,331
33,330
33,329
33,328
33,327
33,326
33,325
33,324
33,323
33,322
33,321
33,320
34,455
34,454
34,453
34,452
34,451
34,450
34,449
35,107
34,448
34,441
34,440
34,439
34,438
34,437
34,436
34,46
34,43
35,106
34,435
34,434
34,433
34,432
34,431
34,430
34,45
35,105
34,429
34,428
34,427
34,22
34,426
34,425
34,424
35,104
34,423
34,422
34,421
34,420
34,419
34,418
34,417
35,103
34,416
34,415
34,414
34,413
34,412
34,411
34,410
35,102
34,409
34,408
34,407
34,406
34,405
34,404
35,101
34,403
34,402
34,401
34,400
34,399
34,398
0,383
35,100
34,397
34,396
34,395
0,382
34,394
34,393
34,392
35,99
34,391
34,390
34,389
34,388
34,387
34,386
34,385
35,98
34,384
34,379
34,378
34,377
34,376
34,375
34,374
35,97
34,373
34,372
34,371
34,370
34,369
34,368
35,96
34,367
34,366
35,95
34,365
34,364
34,363
34,362
34,361
34,360
34,359
35,94
35,93
34,358
34,357
34,356
34,355
34,354
34,353
0,381
34,352
34,351
34,350
34,349
0,380
0,379
34,348
34,347
34,346
35,92
34,345
34,344
34,343
34,342
34,341
34,340
35,91
34,339
34,338
34,337
34,336
34,335
34,334
35,90
34,333
34,332
34,331
34,330
34,329
34,328
34,327
35,89
34,326
34,325
34,324
34,323
34,322
34,321
34,320
35,88
34,295
34,294
34,293
34,292
34,291
34,290
35,87
34,289
34,288
34,287
34,286
34,285
34,284
35,86
34,283
34,282
34,281
34,280
34,279
34,278
34,277
35,85
34,276
34,275
34,274
34,273
34,272
34,271
34,270
34,269
35,84
34,268
34,267
34,266
0,378
34,265
34,264
34,263
35,83
35,82
0,377
0,376
0,375
0,374
0,373
0,372
0,371
0,370
75,3
75,2
75,1
75,0
74,4
74,3
74,2
74,1
74,0
73,5
73,4
73,3
73,2
73,1
73,0
72,25
72,24
72,23
72,22
72,12
72,21
72,20
72,8
72,13
72,19
72,18
72,9
72,17
72,16
72,15
72,14
72,11
72,10
72,4
72,7
72,6
72,5
72,3
72,2
72,1
72,0
33,306
0,369
0,368
0,367
0,366
0,365
0,364
0,363
0,362
0,361
0,360
33,305
33,304
33,303
33,302
33,301
33,300
33,299
33,298
33,297
33,296
33,295
33,294
33,293
33,292
33,291
33,290
33,289
33,288
33,287
33,286
33,285
33,284
33,283
33,282
33,281
33,280
33,279
33,278
33,277
33,276
33,275
33,274
33,273
33,272
33,271
0,359
0,358
0,357
0,356
0,355
0,354
0,353
0,352
0,351
0,350
0,349
0,348
0,347
0,346
0,345
0,344
0,343
0,342
0,341
0,340
0,339
0,338
0,337
0,336
0,335
0,334
0,333
0,332
0,331
68,5
68,4
0,330
0,329
0,328
0,327
71,3
71,2
71,1
71,0
70,5
70,4
70,3
70,2
70,1
70,0
69,4
69,3
69,2
69,1
69,0
68,3
68,2
68,1
68,0
14,14
67,5
67,4
67,3
67,2
67,1
67,0
14,13
66,5
66,4
66,3
66,2
66,1
66,0
65,7
65,6
65,5
65,4
65,3
65,2
65,1
65,0
14,12
64,6
64,5
64,4
64,3
64,2
64,1
64,0
0,326
